Nord Sud Est Ouest
Nord Sud Est Ouest
Nord Sud Est Ouest 
Nors sud est ouest 
nord sud est ouest 
	 
probs = [
  [
  #state start [0,0]
  [[0.9, 0.1, 0.1, 0.9]], #arrival [0,0] 
  [[0.1, 0.1,  0.8, 0]], #arrival [0,1]
  [[0.,  0.,  0.,  0. ]], #arrival [0,2]
  [[0.,  0., 0., 0. ]], #arrival [0,3]
  [[0.,  0.8, 0.1, 0.1 ]], #arrival [1,0]
  [[0.,  0.,  0.,  0. ]], #arrival [1,2]
  [[0.,  0., 0., 0. ]], #arrival [1,3]
  [[0.,  0.,  0.,  0. ]], #arrival [2,0]
  [[0.,  0.,  0.,  0. ]], #arrival [2,1]
  [[0.,  0.,  0.,  0. ]], #arrival [2,2]
  [[0.,  0.,  0.,  0. ]], #arrival [2,3]
  ], 

  [
  #state start [0,1]
  [[0.1,  0.1, 0, 0.8]], #arrival [0,0] 
  [[0.8, 0.8, 0.2, 0.2]], #arrival [0,1]
  [[0.1, 0.1,  0.8, 0.]], #arrival [0,2]
  [[0.,  0., 0., 0. ]], #arrival [0,3]
  [[0.,  0.,  0.,  0. ]], #arrival [1,0]
  [[0.,  0.,  0.,  0. ]], #arrival [1,2]
  [[0.,  0., 0., 0. ]], #arrival [1,3]
  [[0.,  0.,  0.,  0. ]], #arrival [2,0]
  [[0.,  0.,  0.,  0. ]], #arrival [2,1]
  [[0.,  0.,  0.,  0. ]], #arrival [2,2]
  [[0.,  0., 0., 0. ]], #arrival [2,3]
  ], 

  [
  #state start [0,2]
 [[0.,  0.,   0., 0.]], #arrival [0,0] 
  [[0.1, 0.1, 0., 0.8]], #arrival [0,1]
  [[0.8, 0. ,  0.1, 0.1]], #arrival [0,2]
  [[0.1,  0.1, 0.8, 0. ]], #arrival [0,3]
  [[0.,  0.,  0.,  0. ]], #arrival [1,0]
  [[0.,  0.8,  0.1,  0.1 ]], #arrival [1,2]
  [[0.,  0., 0., 0. ]], #arrival [1,3]
  [[0.,  0.,  0.,  0. ]], #arrival [2,0]
  [[0.,  0.,  0.,  0. ]], #arrival [2,1]
  [[0.,  0.,  0.,  0. ]], #arrival [2,2]
  [[0.,  0., 0., 0. ]], #arrival [2,3]
  ], 

  [
  #state start [0,3]
  [[0., 0., 0.,  0.]], #arrival [1,1] 
  [[0.,  0.,  0.,  0. ]], #arrival [1,2]
  [[0.,  0.,  0.,  0. ]], #arrival [1,3]
  [[0., 0., 0., 0.]], #arrival [2,1]
  [[0.,  0.,  0.,  0. ]], #arrival [2,3]
  [[0., 0., 0., 0. ]], #arrival [3,1]
  [[0.,  0.,  0.,  0. ]], #arrival [3,2]
  [[0.,  0.,  0.,  0. ]], #arrival [3,3]
  [[0.,  0.,  0.,  0. ]], #arrival [4,1]
  [[0.,  0.,  0.,  0. ]], #arrival [4,2]
  [[0.,  0.,  0.,  0. ]], #arrival [4,3]
  ],  

  [
  #state start [1,0]
 [[0.8,  0., 0.1, 0.1]], #arrival [0,0] 
  [[0., 0., 0., 0.]], #arrival [0,1]
  [[0., 0. , 0., 0.]], #arrival [0,2]
  [[0.,  0., 0., 0. ]], #arrival [0,3]
  [[0.2,  0.2,  0.8,  0.8 ]], #arrival [1,0]
  [[0.,  0.,  0.,  0.1 ]], #arrival [1,2]
  [[0.,  0., 0., 0. ]], #arrival [1,3]
  [[0.,  0.8,  0.1,  0.1 ]], #arrival [2,0]
  [[0.,  0.,  0.,  0. ]], #arrival [2,1]
  [[0.,  0.,  0.,  0. ]], #arrival [2,2]
  [[0.,  0., 0., 0. ]], #arrival [2,3]
  ],  

  [
  #start [1,2]
 [[0.,  0., 0., 0.]], #arrival [0,0] 
  [[0., 0., 0., 0.]], #arrival [0,1]
  [[0.8, 0. , 0.2, 0.1]], #arrival [0,2]
  [[0.,  0., 0., 0. ]], #arrival [0,3]
  [[0.,  0.,  0.8,  0. ]], #arrival [1,0]
  [[0.1,  0.1,  0.,  0.8 ]], #arrival [1,2]
  [[0.1,  0.1, 0.8, 0. ]], #arrival [1,3]
  [[0.,  0.,  0.1,  0. ]], #arrival [2,0]
  [[0.,  0.,  0.,  0. ]], #arrival [2,1]
  [[0.,  0.8,  0.1,  0.1 ]], #arrival [2,2]
  [[0.,  0., 0., 0. ]], #arrival [2,3]
  ],  
  #############################################
  [
  #start [1,3]
 [[0., 0., 0.,  0.]], #arrival [1,1] 
  [[0.,  0.,  0.,  0. ]], #arrival [1,2]
  [[0.,  0.,  0.,  0. ]], #arrival [1,3]
  [[0., 0., 0., 0.]], #arrival [2,1]
  [[0.,  0.,  0.,  0. ]], #arrival [2,3]
  [[0., 0., 0., 0. ]], #arrival [3,1]
  [[0.,  0.,  0.,  0. ]], #arrival [3,2]
  [[0.,  0.,  0.,  0. ]], #arrival [3,3]
  [[0.,  0.,  0.,  0. ]], #arrival [4,1]
  [[0.,  0.,  0.,  0. ]], #arrival [4,2]
  [[0.,  0.,  0.,  0. ]], #arrival [4,3]
  ], 

  [
  #start [2,0]
 [[0.,  0., 0., 0.]], #arrival [0,0] 
  [[0., 0., 0., 0.]], #arrival [0,1]
  [[0., 0. , 0., 0.]], #arrival [0,2]
  [[0.,  0., 0., 0. ]], #arrival [0,3]
  [[0.8, 0.,  0.1,  0.1 ]], #arrival [1,0]
  [[0.,  0.,  0.,  0. ]], #arrival [1,2]
  [[0.,  0., 0., 0. ]], #arrival [1,3]
  [[0.1,  0.9,  0.1,  0.9 ]], #arrival [2,0]
  [[0.1,  0.1,  0.8,  0. ]], #arrival [2,1]
  [[0.,  0.,  0.,  0. ]], #arrival [2,2]
  [[0.,  0., 0., 0. ]], #arrival [2,3]
  ],  

  [
  #start [2,1]
 [[0.,  0., 0., 0.]], #arrival [0,0] 
  [[0., 0., 0., 0.]], #arrival [0,1]
  [[0., 0. , 0., 0.]], #arrival [0,2]
  [[0.,  0., 0., 0. ]], #arrival [0,3]
  [[0.,  0.,  0.,  0. ]], #arrival [1,0]
  [[0.,  0.,  0.,  0. ]], #arrival [1,2]
  [[0.,  0., 0., 0. ]], #arrival [1,3]
  [[0.1,  0.1,  0.,  0.8 ]], #arrival [2,0]
  [[0.8,  0.8,  0.2,  0.2 ]], #arrival [2,1]
  [[0.1,  0.1,  0.8,  0. ]], #arrival [2,2]
  [[0.,  0., 0., 0. ]], #arrival [2,3]
  ],  

  [
  #start [2,2]
[[0.,  0., 0., 0.]], #arrival [0,0] 
  [[0., 0., 0., 0.]], #arrival [0,1]
  [[0., 0. , 0., 0.]], #arrival [0,2]
  [[0.,  0., 0., 0. ]], #arrival [0,3]
  [[0.,  0.,  0.,  0. ]], #arrival [1,0]
  [[0.8,  0.,  0.1,  0.1 ]], #arrival [1,2]
  [[0.,  0., 0., 0. ]], #arrival [1,3]
  [[0.,  0.1,  0.,  0. ]], #arrival [2,0]
  [[0.1,  0.1,  0.,  0.8 ]], #arrival [2,1]
  [[0.,  0.8,  0.1,  0.1 ]], #arrival [2,2]
  [[0.1,  0.1, 0.8, 0. ]], #arrival [2,3]
  ],  

  [
  #start [2,3]
  [[0.,  0., 0., 0.]], #arrival [0,0] 
  [[0., 0., 0., 0.]], #arrival [0,1]
  [[0., 0. , 0., 0.]], #arrival [0,2]
  [[0.,  0., 0., 0. ]], #arrival [0,3]
  [[0.,  0.,  0.,  0. ]], #arrival [1,0]
  [[0.,  0.,  0.,  0. ]], #arrival [1,2]
  [[0.8,  0., 0.1, 0.1 ]], #arrival [1,3]
  [[0.,  0.,  0.,  0. ]], #arrival [2,0]
  [[0.,  0.,  0.,  0.]], #arrival [2,1]
  [[0.1,  0.1,  0.,  0.8 ]], #arrival [2,2]
  [[0.1,  0.9, 0.9, 0.1]], #arrival [2,3]
  ] 
  ]